 0.012985817065016485 -0.40041595864418184 69.39716106428436 -654.9938376534153 4957.542951541054 -26363.60011313593 90157.35552495219 -203769.99487782677 316176.26046403375 -345347.0661381155 268280.85778442415 -147546.75211665232 56172.54560784445 -14083.714961461255 2092.017836651375 -139.46785551399097
 -0.018032569065853585 1.078794124158166 -84.63278845919918 624.357711575631 -84.79243293108992 -15884.295322941038 82744.6509857516 -221893.65476587904 376687.89390308154 -434108.74446586805 348896.78559608816 -196133.27305545777 75704.37332447997 -19131.308470393004 2851.691805219735 -190.11278581751532
 0.10390671272083504 -37.725510918920705 1476.2832840259148 -22148.966563124264 169567.4554260641 -770478.8641883715 2272853.3261223463 -4597024.281001699 6585567.90363463 -6796263.644545727 5073015.3902791785 -2714516.2209773907 1015065.8897101331 -251825.31407849136 37230.71196560953 -2482.047462991622
 -0.026003368368763973 0.019592935591973767 164.68952306799932 -4988.17784948693 55820.46891085366 -322436.5410694328 1120455.1118568035 -2545967.2492545154 3967931.57380715 -4353136.347151715 3395095.244719087 -1873092.213106796 714693.4506978068 -179430.90095626804 26668.81743904717 -1777.9211551966068
 0.0004695670901850095 -0.17109377681517912 6.717795290172738 -100.83708540665941 705.1436823596354 -2837.409270736341 7283.874049987741 -12630.851043273384 15262.183792964503 -13015.467845519906 7808.259572673561 -3225.170043320886 873.185728929521 -139.48184819552884 9.962975362041725 1.7815162243905336e-06
 -0.00046725599615035906 0.1288214194928369 -4.619114491809362 62.047335171440615 -465.2463094091179 1855.8919658576497 -4567.783090463978 7538.632637868518 -8699.158998481282 7139.178016533002 -4158.82107750498 1682.8675907329186 -449.96744948149484 71.47577518998177 -5.105404585069395 -1.0238213213186212e-06
 -0.000413502551348505 0.11121998007706341 -3.819080946718068 49.79073774624879 -342.94934315415185 1370.4887093993977 -3478.5187219272616 5951.049418826146 -7097.231355280271 5985.107028952258 -3559.608207940012 1461.3946749714382 -394.20893227676004 62.867525013925935 -4.4905310667676215 -8.309371947657997e-07
 -4.8864433241376475e-05 0.044909433626164535 -2.2338499707752693 38.642035993362434 -317.7645459202718 1438.5624329443567 -4010.8149594733545 7372.9619866868 -9285.764962925643 8153.417455518779 -4990.555353203274 2088.485682419545 -569.7866731708914 91.32601214540999 -6.523277216213642 -1.209245364409636e-06
 0.0 0.0 0.0 0.0 0.0 0.0 0.0 0.0 0.0 0.0 0.0 0.0 0.0 0.0 0.0 0.0
 0.0 0.0 0.0 0.0 0.0 0.0 0.0 0.0 0.0 0.0 0.0 0.0 0.0 0.0 0.0 0.0
 -0.05943339933302128 21.224131428933333 -827.7989526683878 12343.434963143409 -93732.12854977296 422603.01633003104 -1238337.8710274461 2490886.6321475278 -3552697.948372472 3653813.527770566 -2720315.4171935357 1452895.0867171248 -542609.7994502241 134512.82230956544 -19880.05863153478 1325.3372416191003
 0.010158865528929414 0.8542686209309832 -131.61807756472794 3298.3186100564453 -34747.401183130816 195555.60470028195 -670310.5660743705 1510744.1438546944 -2342213.343639622 2560610.9653419983 -1992338.009321082 1097437.770608518 -418308.91822132777 104958.33390912758 -15595.86956888005 1039.7246338242703
