(
(-0.010137206595519572 -2.4997732583026385e-06 -0.0)
(-0.03901305722026875 -4.009183620898515e-05 -0.0)
(-0.08223327578093025 -0.00020349630210970347 -0.0)
(-0.13317455201666425 -0.0006438428948078825 -0.0)
(-0.18398488097824445 -0.0015680012982924882 -0.0)
(-0.22683818214688692 -0.003225566786065042 -0.0)
(-0.2552373033193106 -0.005885991416652517 -0.0)
(-0.26509927921509985 -0.009808334291694202 -0.0)
(-0.25537491956976544 -0.01520988367750875 -0.0)
(-0.22806713142407462 -0.02224156024655375 -0.0)
(-0.18768252377550557 -0.0309764766423671 -0.0)
(-0.14030491900279868 -0.041413688460756826 -0.0)
(-0.09254696746334402 -0.053493730801669526 -0.0)
(-0.05059263872568337 -0.06711823592473794 -0.0)
(-0.019427328789307398 -0.08216459708172812 -0.0)
(-0.00224499496665757 -0.09848905260194717 -0.0)
(-9.043593995761703e-19 -0.11591722925627061 -0.0)
(-0.011155553148431878 -0.1342283685781438 -0.0)
(-0.03180498464607988 -0.15314524861175202 -0.0)
(-0.056374839629593554 -0.17234265642415028 -0.0)
(-0.07894624556094315 -0.19148065694712904 -0.0)
(-0.09487533734153272 -0.21025599074854182 -0.0)
(-0.10206989329281248 -0.2284520512249977 -0.0)
(-0.10128658411188192 -0.2459641446909472 -0.0)
(-0.09527340948190402 -0.26278730523681654 -0.0)
(-0.08724468170700207 -0.2789739273021424 -0.0)
(-0.07954780818990004 -0.29458443005449175 -0.0)
(-0.07315419956242614 -0.3096544944852789 -0.0)
(-0.06797894909128777 -0.3241879307643581 -0.0)
(-0.06353741923406599 -0.33816749745941055 -0.0)
(-0.05943002828736339 -0.35156934098583953 -0.0)
(-0.055480402287561126 -0.364371632143004 -0.0)
(-0.05165649935252218 -0.37655649505738475 -0.0)
(-0.047964982764085874 -0.3881088386320226 -0.0)
(-0.044404124133107147 -0.39901516395030207 -0.0)
(-0.04096212281515995 -0.4092631879153728 -0.0)
(-0.037625757505914056 -0.4188418895840217 -0.0)
(-0.03438404002104992 -0.4277415634760965 -0.0)
(-0.03122781785822418 -0.43595377865382573 -0.0)
(-0.028148825948469663 -0.4434712883291302 -0.0)
(-0.02513926528702676 -0.4502879286327622 -0.0)
(-0.022191669662445686 -0.4563985163047205 -0.0)
(-0.019298821134986065 -0.4617987463905598 -0.0)
(-0.016453673256668536 -0.4664850921293015 -0.0)
(-0.013649292385855294 -0.4704547100758379 -0.0)
(-0.01087881740462432 -0.47370535312164413 -0.0)
(-0.008135432503844443 -0.4762352935319012 -0.0)
(-0.005412348962707885 -0.4780432577114762 -0.0)
(-0.0027027933226913556 -0.4791283740734503 -0.0)
(3.5507082026347424e-13 -0.47949013506225563 -0.0)
(0.00270279332280407 -0.47912837407344605 -0.0)
(0.005412348962932825 -0.4780432577114636 -0.0)
(0.00813543250464728 -0.4762352935318792 -0.0)
(0.010878817404777264 -0.4737053531216144 -0.0)
(0.013649292386336203 -0.47045471007580925 -0.0)
(0.016453673257023096 -0.4664850921292714 -0.0)
(0.019298821135324527 -0.46179874639051943 -0.0)
(0.02219166966285652 -0.4563985163046667 -0.0)
(0.025139265287345534 -0.4502879286327091 -0.0)
(0.028148825948939995 -0.4434712883290771 -0.0)
(0.03122781785895531 -0.43595377865376406 -0.0)
(0.03438404002129654 -0.42774156347603076 -0.0)
(0.03762575750628989 -0.41884188958396223 -0.0)
(0.040962122815570226 -0.4092631879153027 -0.0)
(0.04440412413355308 -0.39901516395022146 -0.0)
(0.04796498276509488 -0.3881088386319339 -0.0)
(0.05165649935302152 -0.37655649505728916 -0.0)
(0.05548040228772172 -0.36437163214291424 -0.0)
(0.059430028287682644 -0.35156934098574383 -0.0)
(0.06353741923447766 -0.3381674974593064 -0.0)
(0.06797894909157613 -0.3241879307642423 -0.0)
(0.07315419956277913 -0.30965449448514343 -0.0)
(0.07954780818965972 -0.29458443005434354 -0.0)
(0.08724468170680756 -0.27897392730198617 -0.0)
(0.0952734094816028 -0.2627873052366528 -0.0)
(0.10128658411150891 -0.24596414469077615 -0.0)
(0.10206989329213292 -0.22845205122481574 -0.0)
(0.09487533734065397 -0.21025599074835913 -0.0)
(0.07894624555994927 -0.1914806569469375 -0.0)
(0.05637483962855915 -0.17234265642395122 -0.0)
(0.03180498464436408 -0.1531452486115585 -0.0)
(0.01115555314699143 -0.1342283685779623 -0.0)
(-6.983387993711492e-13 -0.1159172292561048 -0.0)
(0.0022449949657625382 -0.09848905260180353 -0.0)
(0.0194273287885551 -0.08216459708160737 -0.0)
(0.05059263872468361 -0.0671182359246382 -0.0)
(0.09254696746267478 -0.053493730801589 -0.0)
(0.14030491900197556 -0.041413688460694334 -0.0)
(0.18768252377437725 -0.030976476642318042 -0.0)
(0.2280671314230816 -0.022241560246517942 -0.0)
(0.25537491956871033 -0.015209883677484076 -0.0)
(0.26509927921414733 -0.009808334291677212 -0.0)
(0.25523730331850275 -0.005885991416641683 -0.0)
(0.226838182146253 -0.00322556678605864 -0.0)
(0.1839848809777686 -0.0015680012982894173 -0.0)
(0.13317455201638362 -0.0006438428948066545 -0.0)
(0.08223327578074613 -0.0002034963021093327 -0.0)
(0.03901305722018238 -4.0091836208909583e-05 -0.0)
(0.01013720659549218 -2.4997732582988963e-06 -0.0)
)
