(
(0.00905128308784249 -2.8130786884740623e-06 0.0)
(0.0363431256638215 -4.3856707466904946e-05 0.0)
(0.08207415139497445 -0.00021257446291601923 0.0)
(0.14594561894873592 -0.0006318299115056977 0.0)
(0.22649466604424623 -0.0014243616690365858 0.0)
(0.3206152039138327 -0.0026766686026728197 0.0)
(0.4235133306711277 -0.004409145929804723 0.0)
(0.5291927252441687 -0.006560403079168561 0.0)
(0.6313653239383262 -0.008990420289900658 0.0)
(0.7245131392606348 -0.01150231314161933 0.0)
(0.8047595217078509 -0.013877614080884504 0.0)
(0.8702704074591353 -0.01591690249338198 0.0)
(0.9210700368087734 -0.017477226015498126 0.0)
(0.958355359654596 -0.01849959949950023 0.0)
(0.9835603792466957 -0.01902247547938336 0.0)
(0.9975108585745257 -0.01917903209448699 0.0)
(1.0 -0.019177164539751667 0.0)
(0.9899959385913526 -0.01926244397499533 0.0)
(0.96646219991386 -0.019667848810146753 0.0)
(0.9294764200224733 -0.020560222216945773 0.0)
(0.8810954777908091 -0.021999519298307187 0.0)
(0.8254178007595061 -0.023927685132599488 0.0)
(0.7676446262957066 -0.026195162809508135 0.0)
(0.7125172538542308 -0.028616294971784716 0.0)
(0.6629378409703027 -0.031029574383810037 0.0)
(0.6195041858412051 -0.033336146277378374 0.0)
(0.5811006064009109 -0.035503618297056325 0.0)
(0.5460257930044473 -0.037542851625330186 0.0)
(0.512920249889801 -0.03947797006544829 0.0)
(0.48108962304967584 -0.04132676762916917 0.0)
(0.4503324121245077 -0.043095927413505715 0.0)
(0.4206311183238909 -0.04478502418566532 0.0)
(0.3919628954390459 -0.04639155171484533 0.0)
(0.3642612986692672 -0.04791337087727775 0.0)
(0.3374432654522812 -0.049348989038550416 0.0)
(0.3114319688374971 -0.05069719440774452 0.0)
(0.28616085936459773 -0.05195684693808148 0.0)
(0.2615698288347793 -0.0531268695283169 0.0)
(0.23760203815001096 -0.05420628636336829 0.0)
(0.21420263832539926 -0.055194239414782076 0.0)
(0.19131822317843442 -0.05608998641103326 0.0)
(0.16889639130726136 -0.05689289344636473 0.0)
(0.14688536871129837 -0.057602426653674266 0.0)
(0.12523373052874312 -0.05821814329921846 0.0)
(0.10389021319405352 -0.058739682565730485 0.0)
(0.08280359341831647 -0.0591667565726008 0.0)
(0.06192261661983657 -0.059499142120635486 0.0)
(0.04119596283857528 -0.059736673515563374 0.0)
(0.020572240523954705 -0.05987923673208229 0.0)
(-2.7261288545728213e-14 -0.059926765112201345 0.0)
(-0.020572240524178154 -0.05987923673206556 0.0)
(-0.04119596283881347 -0.05973667351554593 0.0)
(-0.061922616620138496 -0.05949914212059618 0.0)
(-0.08280359341838807 -0.05916675657254474 0.0)
(-0.10389021319400092 -0.05873968256566572 0.0)
(-0.1252337305288907 -0.05821814329913649 0.0)
(-0.14688536871173877 -0.05760242665358264 0.0)
(-0.16889639130746992 -0.05689289344625878 0.0)
(-0.19131822317830988 -0.05608998641091564 0.0)
(-0.21420263832555372 -0.055194239414651874 0.0)
(-0.23760203815031122 -0.05420628636321717 0.0)
(-0.26156982883465224 -0.053126869528148254 0.0)
(-0.2861608593645642 -0.05195684693790584 0.0)
(-0.31143196883803015 -0.050697194407553325 0.0)
(-0.3374432654524258 -0.04934898903834906 0.0)
(-0.3642612986696829 -0.047913370877051636 0.0)
(-0.3919628954389455 -0.046391551714594796 0.0)
(-0.420631118323842 -0.04478502418540613 0.0)
(-0.45033241212486047 -0.043095927413240684 0.0)
(-0.48108962304994435 -0.04132676762889209 0.0)
(-0.5129202498904071 -0.03947797006516249 0.0)
(-0.546025793005143 -0.037542851625034145 0.0)
(-0.5811006064012009 -0.03550361829675884 0.0)
(-0.6195041858415685 -0.03333614627708767 0.0)
(-0.662937840970501 -0.03102957438352484 0.0)
(-0.7125172538547112 -0.028616294971508 0.0)
(-0.7676446262959267 -0.026195162809243226 0.0)
(-0.8254178007595838 -0.023927685132352945 0.0)
(-0.8810954777913972 -0.02199951929808127 0.0)
(-0.9294764200224959 -0.020560222216740906 0.0)
(-0.9664621999133601 -0.019667848809968903 0.0)
(-0.989995938590636 -0.01926244397485104 0.0)
(-0.9999999999989173 -0.019177164539625247 0.0)
(-0.9975108585731481 -0.019179032094374524 0.0)
(-0.9835603792453267 -0.019022475479284342 0.0)
(-0.9583553596532735 -0.01849959949941474 0.0)
(-0.9210700368074051 -0.017477226015425347 0.0)
(-0.8702704074579037 -0.015916902493318067 0.0)
(-0.8047595217068038 -0.013877614080833423 0.0)
(-0.7245131392594121 -0.011502313141580242 0.0)
(-0.631365323937443 -0.008990420289872193 0.0)
(-0.5291927252433568 -0.006560403079149536 0.0)
(-0.4235133306704638 -0.0044091459297929585 0.0)
(-0.3206152039132225 -0.00267666860266617 0.0)
(-0.22649466604379687 -0.0014243616690333563 0.0)
(-0.14594561894843713 -0.0006318299115043426 0.0)
(-0.08207415139482784 -0.00021257446291553567 0.0)
(-0.03634312566374676 -4.385670746680402e-05 0.0)
(-0.00905128308783353 -2.813078688467674e-06 0.0)
)
