(
(-0.0016225636552808832 1.3601624895777527e-07 0.00037426502790055836)
(-0.00645117695325111 1.972063480187e-06 0.0014480926440163771)
(-0.014310709970053619 8.335701276262982e-06 0.0030942038764405085)
(-0.02472446597297422 1.9536098202304165e-05 0.0051708033682224)
(-0.03666383914272132 2.8247091089674715e-05 0.007641236619467772)
(-0.04824668155412046 1.497790361700857e-05 0.010759262464369666)
(-0.05642746316213459 -5.403999738851401e-05 0.015314613725585964)
(-0.05674213799557734 -0.00022526764967357605 0.02290169562447922)
(-0.043221463416109496 -0.0005523212115632016 0.03612258161968117)
(-0.00868732153360481 -0.0010873755937109149 0.05856411302218381)
(0.054214843316783515 -0.0018711668519077575 0.09431214051117133)
(0.15080595389581633 -0.0029232741031702198 0.14673193625716732)
(0.2807017378466253 -0.004233717277223624 0.21635226391256135)
(0.43306112514084866 -0.005756201030242475 0.298075133371957)
(0.5824390884549392 -0.00740345270829097 0.37866134126153045)
(0.6885007072584923 -0.009046594729483118 0.43631769650155283)
(0.7034987072143501 -0.010522813454691159 0.444589951323296)
(0.5893484753114203 -0.011656676739771244 0.38166449236830274)
(0.34034209905940654 -0.012297400663696232 0.2430178994791342)
(2.1870127038667715e-17 -0.01236566237740601 0.051156289884547)
(-0.3427781602012888 -0.011892127390834664 -0.14580764490143477)
(-0.5854835645394695 -0.011024039294468883 -0.2910211410934776)
(-0.6603230081758381 -0.00998524954842184 -0.3453692577239129)
(-0.57030344709659 -0.008999679463276037 -0.3079579878682427)
(-0.38591473695712014 -0.008214263108425046 -0.21542096993638113)
(-0.20144455499291583 -0.007662999189870004 -0.11884630048202446)
(-0.08161160846240942 -0.007289066017084724 -0.054570488619001115)
(-0.03644086157527355 -0.007003589427098093 -0.02964745228017928)
(-0.036450901501712325 -0.006739103728533984 -0.02922063590135573)
(-0.04668287276287965 -0.006469039739163219 -0.034687413195746294)
(-0.04932497998746276 -0.006195857482292816 -0.03623653805488336)
(-0.04396826427503463 -0.005930053763419743 -0.03340388050337046)
(-0.036359258113729635 -0.005677955332459112 -0.029194767980321626)
(-0.030107756813302567 -0.005440668116351144 -0.02557815914011256)
(-0.025579737731071483 -0.00521740020222753 -0.022798336357135504)
(-0.022011227809736685 -0.005007666969743839 -0.0204712760979248)
(-0.0189162536017894 -0.004811552326092789 -0.018346432254860667)
(-0.016185436766376602 -0.00462931366687592 -0.01637194286387881)
(-0.013805830810040689 -0.004461162454949457 -0.014548151655195435)
(-0.011740107623209907 -0.004307252961035716 -0.01286198670504735)
(-0.009937105625138809 -0.004167711645761227 -0.011291865812589461)
(-0.00835228847097497 -0.004042646084683578 -0.009818722587507886)
(-0.0069496663326254 -0.003932143987801521 -0.00842727162326526)
(-0.005698403887370413 -0.0038362737126892044 -0.007104337043238249)
(-0.004571090668731152 -0.0037550868268448724 -0.0058380210858175385)
(-0.003543107306558373 -0.0036886210500563293 -0.004617453379459149)
(-0.00259209020739828 -0.003636902988124947 -0.0034325909592797903)
(-0.0016973870073783595 -0.0035999505626499524 -0.002274008636957609)
(-0.0008395693391507927 -0.0035777750400894726 -0.001132715871005586)
(8.376516725238664e-14 -0.003570382553102319 -1.5644492215997279e-13)
(0.0008395693393117553 -0.003577775040087699 0.0011327158707002043)
(0.0016973870075350887 -0.0035999505626457774 0.0022740086366482303)
(0.0025920902075471 -0.0036369029881185896 0.00343259095896409)
(0.003543107306699876 -0.0036886210500478678 0.004617453379128319)
(0.004571090668853777 -0.0037550868268339324 0.005838021085482964)
(0.005698403887480292 -0.0038362737126759012 0.0071043370428795875)
(0.006949666332709861 -0.0039321439877861054 0.008427271622894169)
(0.008352288471033755 -0.004042646084665702 0.009818722587113875)
(0.009937105625165059 -0.004167711645740892 0.011291865812170069)
(0.011740107623198862 -0.004307252961012686 0.012861986704596982)
(0.013805830809980074 -0.004461162454923703 0.014548151654718938)
(0.016185436766266752 -0.004629313666847394 0.0163719428633555)
(0.018916253601613205 -0.0048115523260614315 0.01834643225429956)
(0.022011227809486576 -0.005007666969709841 0.020471276097317817)
(0.02557973773074381 -0.005217400202190376 0.02279833635646027)
(0.030107756812861614 -0.005440668116310217 0.025578159139381176)
(0.03635925811312532 -0.005677955332414129 0.029194767979519375)
(0.04396826427424896 -0.005930053763370923 0.03340388050243013)
(0.04932497998652359 -0.006195857482239924 0.03623653805386878)
(0.04668287276200059 -0.006469039739106094 0.03468741319477644)
(0.03645090150115044 -0.0067391037284721365 0.029220635900547427)
(0.036440861574860636 -0.007003589427031604 0.029647452279434352)
(0.08161160846105636 -0.007289066017013516 0.0545704886177034)
(0.2014445549886121 -0.007662999189791411 0.11884630047912999)
(0.3859147369478976 -0.008214263108333855 0.215420969930899)
(0.5703034470820108 -0.008999679463163964 0.30795798786003387)
(0.6603230081579597 -0.009985249548281172 0.3453692577142005)
(0.5854835645224339 -0.01102403929429514 0.2910211410846017)
(0.34277816018967305 -0.011892127390629474 0.14580764489593176)
(-3.0790227411771154e-12 -0.012365662377176446 -0.051156289885024395)
(-0.34034209905342555 -0.012297400663455289 -0.2430178994743865)
(-0.5893484752983037 -0.011656676739533616 -0.3816644923594682)
(-0.7034987071973888 -0.01052281345447155 -0.44458995131226625)
(-0.6885007072410696 -0.009046594729292328 -0.43631769649023705)
(-0.5824390884396083 -0.007403452708134835 -0.37866134125135514)
(-0.4330611251289916 -0.0057562010301223255 -0.29807513336366087)
(-0.2807017378385485 -0.004233717277137675 -0.21635226390630607)
(-0.15080595389110085 -0.0029232741031136504 -0.14673193625272948)
(-0.05421484331465536 -0.001871166851874186 -0.09431214050816297)
(0.00868732153397481 -0.0010873755936938944 -0.05856411302018886)
(0.043221463415459446 -0.0005523212115568976 -0.03612258161836865)
(0.05674213799446389 -0.00022526764967326998 -0.02290169562359791)
(0.05642746316093719 -5.403999739066997e-05 -0.01531461372497964)
(0.048246681553060194 1.4977903614534728e-05 -0.010759262463944015)
(0.03666383914190807 2.824709108785716e-05 -0.007641236619183922)
(0.024724465972420107 1.9536098201328654e-05 -0.00517080336803404)
(0.014310709969733377 8.335701275893203e-06 -0.0030942038763343183)
(0.006451176953105268 1.972063480104217e-06 -0.0014480926439652498)
(0.0016225636552453446 1.3601624895216887e-07 -0.0003742650278896696)
)
