(
(-0.0019155740564879814 -6.432335246662065e-07 -0.0007632686913992844)
(-0.007603073780973313 -1.0192663919078853e-05 -0.0031675012441329795)
(-0.016916662726570296 -5.073788182470521e-05 -0.007541675884506351)
(-0.02971465917094671 -0.0001563961585840326 -0.014388371390893823)
(-0.04598888943184105 -0.0003689584936175454 -0.02431963422350876)
(-0.06598128323470383 -0.0007316729183018417 -0.03796756351611036)
(-0.09018985419667426 -0.0012818987720428384 -0.0558513917249196)
(-0.11911753188798256 -0.0020441787483678666 -0.07815741071405903)
(-0.15259648416670207 -0.003025777424098032 -0.10436491918755353)
(-0.1885757156924099 -0.0042165248986284955 -0.1326575408006045)
(-0.22145280247047539 -0.005593737453884233 -0.1591367951747089)
(-0.24041398131825578 -0.007131271984553201 -0.17704507314395426)
(-0.22879891424174398 -0.008809891660941238 -0.1765076854495196)
(-0.16601884063629418 -0.01062467302633547 -0.14560823674472356)
(-0.03353073415856464 -0.012584784058034036 -0.07363858162730823)
(0.1749028288152058 -0.014702263572784053 0.04329087455615855)
(0.44137438885627595 -0.01697004247910349 0.1956859631123885)
(0.7169068853298239 -0.01933534760393285 0.35666297516237105)
(0.9278253335917557 -0.021681065358712084 0.48514653225967275)
(1.0 -0.023830420623490483 0.5389546111774756)
(0.8946374563976346 -0.02558428427167039 0.49454686132632686)
(0.6364962899455329 -0.02678399228831551 0.36309292108542995)
(0.3121863742939524 -0.027372802765644005 0.19045643620628416)
(0.03141423316027516 -0.027420961524641345 0.03669987695596242)
(-0.12863564497990682 -0.027094834867512626 -0.05435470862261132)
(-0.15864918036153308 -0.02658446981728865 -0.07529165820835192)
(-0.10798403045755879 -0.026031814416747134 -0.05121887156730764)
(-0.041791602390379656 -0.02549935530849039 -0.01703353881632312)
(-0.00047575748799434317 -0.024987038940828637 0.004848799728428957)
(0.011062405604163987 -0.024472150753136683 0.011021003911078018)
(0.0073612616599071055 -0.023939836416416484 0.008894004259843658)
(0.0021276816853758413 -0.023390835674235853 0.005792952442873579)
(0.00012980577732545764 -0.022834427030878006 0.004376725300905513)
(0.0002670030798590382 -0.022280292092027986 0.004123127740063395)
(0.0006945378442378476 -0.021735554373828066 0.00405311716011741)
(0.0007915966385256519 -0.02120545526984219 0.003822240349164051)
(0.0006923433022167234 -0.020694490711945655 0.0034943727278833265)
(0.0005741684976669318 -0.020206805206319036 0.003162803175132389)
(0.0004800843017683957 -0.01974615171983137 0.0028506144688052685)
(0.00039964971401405564 -0.01931583746188226 0.0025519167304443777)
(0.00032648360445685905 -0.01891874355122105 0.0022627060747916596)
(0.0002614720358249867 -0.01855736693343978 0.00198288447998641)
(0.00020566674185979226 -0.018233854934012125 0.0017124960235469795)
(0.0001587215795732026 -0.01795003292148395 0.0014508438822986322)
(0.0001196784246835497 -0.017707429114580807 0.0011968892971686135)
(8.740144673032096e-05 -0.017507297028623442 0.0009494810675023308)
(6.0645802213732535e-05 -0.017350634970312515 0.0007073927716740051)
(3.808301622338573e-05 -0.017238202253500062 0.00046933763865726386)
(1.8335230154031338e-05 -0.017170531987188202 0.0002339895304312428)
(6.921015075828491e-14 -0.017147940312540664 -1.3163033191739637e-13)
(-1.8335230017212017e-05 -0.01717053198714627 -0.0002339895306942634)
(-3.8083016092536965e-05 -0.017238202253416466 -0.00046933763892312183)
(-6.064580208906066e-05 -0.017350634970186803 -0.0007073927719472749)
(-8.740144661846011e-05 -0.01750729702845552 -0.0009494810677831615)
(-0.00011967842458458829 -0.01770742911437028 -0.0011968892974639094)
(-0.00015872157949633632 -0.017950032921230392 -0.0014508438826039357)
(-0.00020566674180638373 -0.01823385493371555 -0.0017124960238690057)
(-0.00026147203580077343 -0.018557366933099773 -0.001982884480330394)
(-0.0003264836044651605 -0.018918743550836645 -0.002262706075162582)
(-0.0003996497140670973 -0.01931583746145311 -0.002551916730839825)
(-0.0004800843018705893 -0.019746151719356796 -0.002850614469235419)
(-0.0005741684978307106 -0.02020680520579867 -0.0031628031755983202)
(-0.0006923433024497808 -0.020694490711379448 -0.0034943727283941123)
(-0.0007915966388442896 -0.02120545526922897 -0.0038222403497196683)
(-0.0006945378446601255 -0.02173555437316802 -0.004053117160733454)
(-0.00026700308043084187 -0.02228029209132066 -0.004123127740757012)
(-0.000129805778089206 -0.0228344270301236 -0.004376725301695197)
(-0.0021276816862928383 -0.02339083567343438 -0.00579295244375038)
(-0.007361261660796528 -0.023939836415567513 -0.008894004260692088)
(-0.011062405604841171 -0.02447215075224209 -0.011021003911795375)
(0.000475757487221956 -0.024987038939889974 -0.004848799729203167)
(0.04179160238812466 -0.025499355307507885 0.017033538814747333)
(0.10798403045153937 -0.02603181441571906 0.051218871563734884)
(0.15864918035000808 -0.026584469816211403 0.07529165820192865)
(0.12863564496376773 -0.02709483486638294 0.05435470861397503)
(-0.03141423317637668 -0.027420961523457802 -0.03669987696417017)
(-0.3121863743028194 -0.027372802764412667 -0.19045643621008532)
(-0.6364962899405364 -0.026783992287054387 -0.36309292108135643)
(-0.894637456376007 -0.025584284270409183 -0.49454686131305964)
(-0.9999999999641456 -0.023830420622263558 -0.5389546111565486)
(-0.9278253335481181 -0.021681065357554593 -0.4851465322347594)
(-0.716906885286171 -0.019335347602873452 -0.35666297513779793)
(-0.44137438881901686 -0.016970042478161394 -0.19568596309168595)
(-0.1749028287879709 -0.01470226357196831 -0.04329087454119971)
(0.03353073417507872 -0.01258478405734527 0.07363858163628122)
(0.1660188406434981 -0.01062467302576897 0.14560823674861925)
(0.22879891424205046 -0.008809891660488036 0.17650768544978648)
(0.24041398131419037 -0.007131271984201602 0.17704507314205634)
(0.22145280246415075 -0.005593737453621459 0.15913679517183985)
(0.18857571568535111 -0.004216524898440388 0.13265754079759323)
(0.152596484159885 -0.0030257774239701514 0.10436491918487693)
(0.11911753188195492 -0.0020441787482859686 0.07815741071193207)
(0.09018985419169764 -0.0012818987719941566 0.055851391723368525)
(0.0659812832308477 -0.0007316729182755889 0.03796756351506977)
(0.045988889429061715 -0.0003689584936049668 0.02431963422286364)
(0.029714659169118907 -0.00015639615857893148 0.01438837139053299)
(0.01691666272552254 -5.073788182311282e-05 0.007541675884328376)
(0.007603073780501882 -1.0192663918771215e-05 0.003167501244062647)
(0.0019155740563693037 -6.432335246471034e-07 0.0007632686913830724)
)
