(
(-0.0016225636552806197 1.3601624895859083e-07 -0.0003742650279013551)
(-0.006451176953247289 1.97206348020003e-06 -0.0014480926440143538)
(-0.014310709970047335 8.335701276326311e-06 -0.00309420387644008)
(-0.0247244659729628 1.9536098202496428e-05 -0.005170803368220155)
(-0.03666383914270674 2.8247091090138903e-05 -0.0076412366194672475)
(-0.04824668155410362 1.4977903617960794e-05 -0.010759262464368842)
(-0.05642746316212215 -5.403999738674435e-05 -0.015314613725588289)
(-0.05674213799556762 -0.00022526764967067977 -0.022901695624464688)
(-0.04322146341612445 -0.0005523212115589032 -0.036122581619665486)
(-0.008687321533655706 -0.0010873755937052016 -0.05856411302215561)
(0.054214843316674956 -0.0018711668519004084 -0.09431214051113287)
(0.1508059538956447 -0.00292327410316083 -0.14673193625709696)
(0.2807017378463858 -0.004233717277211687 -0.2163522639124518)
(0.43306112514054584 -0.00575620103022762 -0.29807513337181707)
(0.5824390884546069 -0.007403452708273352 -0.3786613412613598)
(0.6885007072581747 -0.00904659472946238 -0.4363176965013715)
(0.7034987072140895 -0.010522813454667445 -0.44458995132313733)
(0.5893484753112568 -0.01165667673974493 -0.3816644923681805)
(0.34034209905934604 -0.012297400663668938 -0.24301789947904975)
(-2.159804156563962e-17 -0.01236566237737992 -0.051156289884492896)
(-0.342778160201292 -0.011892127390811573 0.14580764490148734)
(-0.5854835645395258 -0.01102403929444949 0.2910211410935653)
(-0.6603230081759509 -0.00998524954840684 0.34536925772404997)
(-0.5703034470967273 -0.008999679463266472 0.3079579878683886)
(-0.3859147369572218 -0.008214263108421377 0.2154209699364946)
(-0.20144455499293823 -0.0076629991898722 0.11884630048208487)
(-0.08161160846234992 -0.0072890660170930365 0.05457048861902273)
(-0.03644086157517503 -0.007003589427112388 0.029647452280173354)
(-0.03645090150160618 -0.006739103728554619 0.029220635901358472)
(-0.04668287276279542 -0.006469039739190205 0.034687413195747675)
(-0.04932497998738743 -0.00619585748232647 0.03623653805490317)
(-0.043968264274967334 -0.005930053763460411 0.03340388050338779)
(-0.03635925811365482 -0.0056779553325068 0.029194767980351907)
(-0.030107756813230954 -0.00544066811640584 0.025578159140133748)
(-0.02557973773100241 -0.00521740020228951 0.02279833635715256)
(-0.02201122780966369 -0.00500766696981275 0.020471276097952358)
(-0.01891625360171609 -0.004811552326169299 0.01834643225489176)
(-0.016185436766307227 -0.0046293136669604525 0.01637194286390589)
(-0.013805830809965792 -0.004461162455041954 0.014548151655236635)
(-0.011740107623141862 -0.0043072529611362775 0.012861986705080116)
(-0.009937105625069685 -0.004167711645870072 0.011291865812629366)
(-0.008352288470905052 -0.004042646084801182 0.009818722587554674)
(-0.0069496663325574965 -0.003932143987928061 0.008427271623314808)
(-0.005698403887304761 -0.003836273712825187 0.007104337043291121)
(-0.004571090668666375 -0.0037550868269906968 0.00583802108587716)
(-0.003543107306497566 -0.0036886210502123764 0.004617453379520889)
(-0.0025920902073393076 -0.003636902988291345 0.0034325909593489355)
(-0.0016973870073197772 -0.003599950562827278 0.002274008637037798)
(-0.0008395693390966635 -0.0035777750402782122 0.0011327158710907634)
(1.3296322183283546e-13 -0.003570382553302846 2.478128990550307e-13)
(0.0008395693393578619 -0.0035777750403004223 -0.0011327158705974577)
(0.0016973870075745574 -0.0035999505628715794 -0.0022740086365384336)
(0.002592090207584304 -0.0036369029883578747 -0.003432590958836097)
(0.0035431073067252097 -0.0036886210503011795 -0.004617453378997158)
(0.0045710906688758695 -0.0037550868271019914 -0.005838021085329363)
(0.005698403887485869 -0.003836273712959081 -0.007104337042724317)
(0.006949666332704267 -0.003932143988084414 -0.00842727162272331)
(0.008352288471014675 -0.004042646084980212 -0.009818722586926757)
(0.009937105625134281 -0.004167711646072127 -0.011291865811957725)
(0.01174010762314824 -0.0043072529613614845 -0.01286198670436846)
(0.013805830809910127 -0.004461162455290306 -0.014548151654466494)
(0.016185436766167276 -0.004629313667232121 -0.016371942863089784)
(0.018916253601489182 -0.0048115523264642465 -0.018346432254001233)
(0.02201122780933277 -0.005007666970130988 -0.020471276096988796)
(0.02557973773055371 -0.005217400202630654 -0.022798336356114737)
(0.03010775681264525 -0.005440668116769851 -0.025578159139001078)
(0.03635925811285417 -0.005677955332892787 -0.029194767979100672)
(0.043968264273848735 -0.00593005376386812 -0.03340388050193787)
(0.04932497998592428 -0.00619585748275525 -0.036236538053263344)
(0.04668287276131317 -0.006469039739638661 -0.03468741319412353)
(0.036450901500860396 -0.006739103729021886 -0.029220635900118985)
(0.03644086157571374 -0.007003589427598694 -0.02964745227959253)
(0.08161160846332491 -0.007289066017597863 -0.05457048861858531)
(0.20144455499118447 -0.007662999190393216 -0.11884630048009327)
(0.3859147369479463 -0.008214263108950258 -0.21542096993039211)
(0.5703034470759459 -0.008999679463788044 -0.30795798785614364)
(0.6603230081433384 -0.009985249548899632 -0.34536925770571464)
(0.5854835644996197 -0.011024039294891768 -0.29102114107189603)
(0.34277816016212376 -0.011892127391188471 -0.14580764488100914)
(-3.0172157561430535e-11 -0.012365662377685832 0.05115628989923772)
(-0.34034209907519203 -0.012297400663908893 0.2430178994851985)
(-0.5893484753117931 -0.011656676739931194 0.38166449236537553)
(-0.7034987072021718 -0.010522813454816992 0.4445899513131003)
(-0.6885007072386854 -0.00904659472959152 0.43631769648696067)
(-0.5824390884325898 -0.007403452708393598 0.37866134124543116)
(-0.4330611251198731 -0.005756201030345082 0.2980751333565769)
(-0.28070173782928215 -0.004233717277327367 0.21635226389921877)
(-0.15080595388286885 -0.0029232741032719817 0.14673193624635408)
(-0.05421484330796438 -0.0018711668520026536 0.09431214050281969)
(0.00868732153909618 -0.0010873755937940118 0.05856411301594941)
(0.04322146341921773 -0.0005523212116310561 0.03612258161513441)
(0.0567421379971568 -0.00022526764972488698 0.022901695621227906)
(0.05642746316283036 -5.403999742394314e-05 0.015314613723294675)
(0.04824668155437235 1.497790359507032e-05 0.01075926246279904)
(0.03666383914278802 2.8247091077855092e-05 0.007641236618439604)
(0.02472446597297799 1.953609819701389e-05 0.005170803367588019)
(0.014310709970046753 8.335701274478694e-06 0.0030942038760935183)
(0.006451176953247113 1.972063479817425e-06 0.001448092643864785)
(0.00162256365528041 1.3601624893402378e-07 0.0003742650278639005)
)
