(
(-0.0019155740564895812 -6.432335246666443e-07 0.0007632686914019639)
(-0.007603073780980296 -1.0192663919085185e-05 0.0031675012441425947)
(-0.016916662726585926 -5.073788182473167e-05 0.007541675884528106)
(-0.029714659170974947 -0.00015639615858410177 0.01438837139093149)
(-0.04598888943188491 -0.00036895849361769274 0.02431963422356761)
(-0.06598128323476642 -0.0007316729183021017 0.03796756351619502)
(-0.09018985419675875 -0.0012818987720431888 0.05585139172503295)
(-0.11911753188809451 -0.0020441787483683996 0.07815741071419664)
(-0.15259648416684482 -0.003025777424098838 0.10436491918770906)
(-0.1885757156925846 -0.004216524898629355 0.13265754080076747)
(-0.22145280247066204 -0.0055937374538849284 0.15913679517489282)
(-0.24041398131844 -0.00713127198455334 0.17704507314414303)
(-0.22879891424189386 -0.008809891660940952 0.17650768544971038)
(-0.16601884063639383 -0.010624673026334575 0.14560823674487527)
(-0.03353073415858248 -0.012584784058032728 0.07363858162741625)
(0.1749028288152799 -0.014702263572782806 -0.04329087455609991)
(0.44137438885642016 -0.016970042479102807 -0.1956859631123795)
(0.7169068853299861 -0.019335347603933017 -0.35666297516240014)
(0.9278253335918603 -0.021681065358713926 -0.48514653225973214)
(0.9999999999999999 -0.02383042062349433 -0.5389546111775332)
(0.8946374563975289 -0.025584284271676375 -0.49454686132635717)
(0.6364962899453706 -0.02678399228832359 -0.3630929210854367)
(0.31218637429379714 -0.027372802765655083 -0.19045643620631458)
(0.031414233160184 -0.027420961524655757 -0.03669987695604279)
(-0.12863564497992128 -0.027094834867530154 0.054354708622493884)
(-0.1586491803615153 -0.026584469817308578 0.07529165820821741)
(-0.10798403045756429 -0.02603181441676966 0.05121887156718802)
(-0.04179160239043948 -0.025499355308515315 0.017033538816235302)
(-0.0004757574881055001 -0.02498703894085638 -0.004848799728493236)
(0.011062405604028906 -0.024472150753167162 -0.011021003911125257)
(0.007361261659762488 -0.023939836416449818 -0.008894004259893815)
(0.0021276816852332974 -0.023390835674272328 -0.005792952442923795)
(0.00012980577718547796 -0.0228344270309179 -0.004376725300953745)
(0.00026700307971851383 -0.02228029209207177 -0.004123127740112301)
(0.0006945378440974142 -0.02173555437387498 -0.004053117160164614)
(0.000791596638387871 -0.021205455269892672 -0.003822240349207655)
(0.0006923433020737586 -0.02069449071200035 -0.003494372727940876)
(0.0005741684975281298 -0.02020680520637772 -0.0031628031751862484)
(0.00048008430163125397 -0.019746151719894547 -0.0028506144688631332)
(0.0003996497138819824 -0.01931583746195023 -0.0025519167305012567)
(0.00032648360432506067 -0.018918743551293426 -0.002262706074858121)
(0.0002614720356980601 -0.01855736693351741 -0.0019828844800555906)
(0.0002056667417355407 -0.018233854934095156 -0.0017124960236243442)
(0.00015872157945343365 -0.017950032921572615 -0.0014508438823824115)
(0.00011967842456747973 -0.017707429114675346 -0.0011968892972625182)
(8.74014466222242e-05 -0.0175072970287242 -0.0009494810676004892)
(6.0645802111975614e-05 -0.01735063497041957 -0.0007073927717818384)
(3.808301612894104e-05 -0.017238202253614134 -0.00046933763877620983)
(1.8335230067666646e-05 -0.017170531987309747 -0.00023398953056248702)
(-5.215570778518495e-15 -0.017147940312669783 -8.280876392098127e-15)
(-1.8335230082461953e-05 -0.017170531987283532 0.00023398953053642072)
(-3.8083016145129736e-05 -0.017238202253562155 0.0004693376387492384)
(-6.064580212607917e-05 -0.01735063497034171 0.0007073927717577446)
(-8.740144663839532e-05 -0.017507297028620014 0.0009494810675750515)
(-0.00011967842458594243 -0.017707429114544836 0.0011968892972321905)
(-0.00015872157946975157 -0.01795003292141562 0.0014508438823593538)
(-0.00020566674175420216 -0.018233854933911116 0.0017124960235980276)
(-0.0002614720357195503 -0.018557366933306507 0.0019828844800286773)
(-0.00032648360434839514 -0.018918743551055134 0.0022627060748301496)
(-0.0003996497139093639 -0.019315837461684277 0.002551916730471925)
(-0.000480084301661163 -0.019746151719600837 0.0028506144688354063)
(-0.0005741684975633336 -0.020206805206056094 0.003162803175158488)
(-0.0006923433021123331 -0.020694490711650127 0.0034943727279165937)
(-0.0007915966384344686 -0.02120545526951438 0.0038222403491865523)
(-0.0006945378441624141 -0.02173555437346777 0.004053117160138721)
(-0.00026700307981218933 -0.022280292091635318 0.004123127740093827)
(-0.00012980577730306643 -0.022834427030453658 0.0043767253009457455)
(-0.002127681685323936 -0.02339083567378007 0.0057929524429038304)
(-0.007361261659737102 -0.023939836415928648 0.008894004259801962)
(-0.011062405603901981 -0.02447215075261887 0.011021003910977064)
(0.0004757574879540495 -0.024987038940281352 0.004848799728477619)
(0.04179160238920799 -0.025499355307913918 -0.017033538815661317)
(0.10798403045444092 -0.02603181441614063 -0.05121887156563895)
(0.15864918035665232 -0.02658446981665074 -0.07529165820581765)
(0.12863564497519436 -0.027094834866844435 -0.05435470862032769)
(-0.03141423316138609 -0.027420961523946734 0.03669987695613054)
(-0.3121863742880102 -0.027372802764931935 0.19045643620250002)
(-0.6364962899308954 -0.026783992287600672 0.3630929210769277)
(-0.894637456375534 -0.025584284270971747 0.49454686131391024)
(-0.9999999999741233 -0.023830420622826677 0.5389546111632539)
(-0.9278253335667302 -0.021681065358098096 0.485146532246219)
(-0.7169068853095214 -0.019335347603379127 0.35666297515179374)
(-0.44137438884272845 -0.016970042478615048 0.1956859631058034)
(-0.17490282880857158 -0.014702263572360826 0.0432908745535432)
(0.03353073415952326 -0.012584784057672894 -0.07363858162671583)
(0.16601884063340872 -0.010624673026032403 -0.14560823674201936)
(0.22879891423679904 -0.00880989166069195 -0.17650768544575934)
(0.24041398131262554 -0.007131271984353245 -0.17704507313996257)
(0.22145280246503785 -0.005593737453729108 -0.15913679517100748)
(0.18857571568762 -0.004216524898512874 -0.1326575407974617)
(0.1525964841627179 -0.0030257774240159976 -0.10436491918506227)
(0.11911753188479998 -0.0020441787483129535 -0.07815741071219696)
(0.09018985419422153 -0.0012818987720087552 -0.05585139172359739)
(0.06598128323288638 -0.0007316729182827013 -0.03796756351522059)
(0.045988889430565304 -0.0003689584936080158 -0.02431963422294477)
(0.029714659170117383 -0.00015639615858002538 -0.01438837139056791)
(0.016916662726097646 -5.073788182341441e-05 -0.007541675884336781)
(0.0076030737807598345 -1.0192663918821253e-05 -0.0031675012440643916)
(0.001915574056434722 -6.432335246499583e-07 -0.0007632686913819257)
)
